2
4
5
6
7
8
10
11
12
14
15
16
17
18
19
20
21
22
23
26
28
30
32
33
35
36
37
39
40
42
43
46
47
48
49
50
51
52
54
55
56
57
58
59
61
62
63
64
65
66
67
68
69
70
71
72
73
74
75
76
77
78
79
82
85
86
87
88
91
92
94
95
96
97
98
99
100
101
103
104
106
108
112
114
115
117
118
119
120
121
124
125
126
127
128
129
131
133
134
135
136
137
138
139
140
141
142
143
144
145
146
147
148
150
151
152
153
154
155
156
157
159
160
161
162
163
164
165
167
168
169
170
171
173
174
175
176
177
179
180
181
182
183
184
187
188
189
190
191
192
193
195
196
197
198
199
200
201
202
206
207
208
210
211
214
215
217
218
220
221
222
223
224
225
226
227
228
229
230
231
233
234
235
236
237
238
239
242
243
245
246
247
248
250
251
252
253
254
256
257
258
259
260
262
263
264
265
266
267
268
269
270
271
272
274
275
276
277
279
281
282
283
284
286
287
288
289
290
291
292
293
295
296
297
298
299
300
301
302
303
304
305
306
307
308
309
310
312
313
315
316
317
318
319
320
322
323
324
325
326
328
329
331
332
333
335
336
339
340
342
344
345
346
347
348
349
350
353
355
356
357
361
363
365
366
368
369
370
371
372
373
374
375
376
377
378
379
380
381
382
383
384
387
389
390
392
393
394
395
397
398
400
401
402
403
406
408
409
410
411
412
413
414
415
420
421
422
423
424
425
426
427
428
429
430
431
432
433
434
435
436
438
441
443
444
446
447
449
450
451
452
454
455
456
457
458
459
460
461
462
464
466
467
468
469
470
471
474
475
476
477
478
479
480
481
482
483
484
485
486
487
488
489
490
491
492
493
494
496
497
498
499
500
501
502
503
504
505
506
507
508
509
510
512
513
514
515
517
518
519
520
521
522
523
524
525
528
529
531
532
533
535
536
537
538
539
540
541
542
543
545
546
547
548
549
550
551
552
554
555
556
557
558
559
560
561
562
563
564
566
567
568
569
570
571
572
573
576
577
578
579
580
581
582
583
585
586
587
588
589
590
591
592
593
594
595
596
597
598
599
600
602
605
606
608
609
610
611
613
614
615
616
617
618
619
620
621
623
624
625
626
627
628
630
631
632
633
634
635
636
637
638
639
641
643
644
