0
1
2
3
4
5
6
8
9
10
11
12
13
14
15
16
17
18
19
20
21
22
23
24
25
26
27
28
30
31
32
33
35
36
37
38
39
40
41
42
43
44
45
47
48
50
51
52
53
54
55
57
58
59
60
61
62
63
64
65
66
67
69
70
71
72
73
74
75
77
78
80
81
82
83
84
85
88
89
90
91
92
93
94
96
97
98
99
100
102
103
105
106
107
108
109
110
111
114
115
116
117
118
119
120
121
122
125
126
127
128
130
131
132
135
136
137
140
141
142
143
144
145
146
149
150
151
152
153
155
156
157
158
159
160
161
162
163
164
165
166
167
169
170
171
173
174
175
176
180
181
182
184
185
186
187
188
191
193
194
196
197
198
199
200
201
203
205
206
207
208
209
210
211
213
214
215
216
218
219
220
221
222
223
224
225
227
228
229
230
231
233
234
235
236
237
238
239
242
243
245
249
250
252
254
255
256
257
258
260
261
263
264
265
267
269
271
272
273
274
275
277
278
279
280
281
283
284
285
288
290
291
292
294
295
296
297
298
299
300
301
302
304
305
306
307
308
309
310
311
312
313
314
315
316
317
318
319
320
321
322
324
325
326
327
328
330
331
332
333
334
338
339
340
341
342
343
344
345
346
347
349
350
351
354
355
356
357
358
359
360
361
362
363
364
365
367
368
369
370
371
372
373
374
375
376
377
378
380
381
382
384
385
386
387
388
389
390
392
393
395
396
397
398
399
402
403
405
406
407
408
409
410
411
412
413
414
416
417
418
419
422
423
426
428
431
432
433
434
435
436
437
438
440
441
443
444
445
446
447
448
449
452
453
454
455
456
457
458
459
460
462
465
466
467
470
471
472
473
475
476
477
478
479
480
481
483
484
485
486
488
489
492
493
494
495
496
497
498
499
500
501
502
503
504
506
508
509
512
513
514
515
516
517
518
519
520
521
522
525
526
527
529
531
532
533
534
535
536
537
538
539
540
542
543
544
545
546
547
548
549
551
553
554
555
557
558
559
560
561
562
564
565
566
567
568
570
571
572
573
574
577
578
579
581
582
583
584
586
587
588
589
591
592
594
595
596
597
599
600
601
602
604
605
606
607
608
609
610
611
612
613
615
616
618
619
620
621
623
624
625
626
627
628
629
630
631
634
635
636
637
640
641
642
643
644
