29
59
139
159
175
187
228
240
377
415
496
509
513
514
573
584
616
634
369
610
231
88
99
161
292
399
501
71
25
135
504
39
130
560
51
547
221
317
498
391
58
374
360
53
106
363
282
283
284
515
563
406
87
158
561
612
2
331
466
627
258
38
567
359
103
372
4
361
7
22
76
147
280
382
445
511
596
602
637
45
86
413
582
20
516
134
115
279
207
530
334
352
153
351
93
396
629
548
343
267
21
61
618
417
305
264
534
5
339
540
546
36
90
322
122
145
424
484
212
299
323
451
446
239
335
171
37
605
574
643
121
472
261
254
318
109
482
3
270
388
551
457
366
565
0
1
6
8
9
10
11
12
13
14
15
16
17
18
24
26
27
30
31
32
33
34
40
42
43
44
46
47
50
52
54
55
56
57
60
62
63
65
67
69
70
72
73
74
75
77
79
80
81
82
83
84
85
89
91
92
94
97
98
100
101
104
105
107
110
111
112
113
114
116
119
120
123
125
126
127
128
129
132
133
136
137
138
140
141
142
143
144
146
148
149
150
151
152
154
155
156
157
160
162
163
164
166
167
168
169
173
174
177
178
179
180
181
182
183
184
185
188
189
190
191
192
195
197
198
199
200
201
202
203
204
206
208
209
210
216
217
223
224
227
229
230
233
234
236
237
238
241
243
244
245
246
247
249
250
251
252
253
256
259
262
263
265
266
269
271
272
274
276
278
281
285
286
287
288
289
290
291
293
294
295
296
297
298
301
302
304
307
308
309
310
311
312
313
315
316
321
324
325
328
329
330
333
336
337
338
342
344
345
347
348
349
350
353
354
356
357
358
364
365
367
368
370
371
373
375
378
379
381
383
385
387
389
390
392
393
394
395
397
398
401
402
403
404
405
408
409
410
411
412
416
420
421
422
423
425
427
428
429
431
432
433
434
437
438
441
444
447
448
450
452
453
454
455
456
458
459
462
463
467
468
470
471
473
475
477
479
480
481
483
485
487
488
491
492
493
495
499
502
503
507
508
512
517
518
519
521
523
524
525
527
528
529
531
533
535
536
537
538
539
541
542
543
545
550
553
554
555
556
557
558
562
564
566
568
576
577
578
579
580
581
583
585
586
590
591
592
594
595
599
600
601
603
607
608
611
613
614
615
617
621
622
623
624
630
635
638
639
641
642
644
380
