1
2
3
4
5
6
8
9
11
12
13
14
15
16
17
18
20
22
23
24
25
26
27
28
29
30
31
32
33
34
35
36
37
38
39
40
41
42
43
44
45
46
47
48
49
50
51
53
54
56
57
58
61
62
63
64
65
66
68
69
70
72
73
74
75
76
77
79
80
82
83
84
87
91
92
93
95
96
98
99
100
101
102
103
104
105
106
107
108
109
110
111
112
113
114
115
116
117
119
120
121
122
123
124
125
126
127
128
129
130
131
132
133
134
135
137
138
139
140
141
142
143
145
146
147
148
149
150
151
152
153
154
156
157
158
159
160
161
162
163
164
165
166
167
168
169
170
171
173
174
175
176
177
178
179
180
181
182
183
184
185
186
187
188
189
190
191
192
193
194
195
196
197
198
199
200
203
204
205
206
207
208
209
211
212
213
215
216
217
218
219
220
221
223
224
225
226
227
228
229
230
231
232
235
236
237
238
239
240
241
242
244
245
246
247
248
249
250
251
252
253
254
255
256
257
258
259
260
261
262
263
264
265
266
269
270
272
273
274
275
278
279
281
282
283
284
285
286
287
288
289
290
291
292
293
294
295
296
297
298
299
300
301
302
303
304
305
306
307
308
309
310
311
312
313
314
315
316
317
318
320
321
322
323
324
325
326
327
328
329
330
331
332
333
334
335
336
337
338
339
340
342
343
344
345
346
347
348
349
351
352
353
354
355
356
357
358
361
362
363
364
365
366
368
369
370
371
372
373
374
375
376
378
379
380
381
383
384
385
386
387
388
389
391
392
393
394
395
396
397
398
399
400
401
402
403
404
407
411
413
414
415
417
419
420
422
423
424
426
427
428
429
430
431
432
433
434
435
436
437
438
440
441
442
444
445
446
447
448
449
450
451
452
453
454
455
457
458
459
461
462
463
465
466
467
468
469
470
471
472
473
474
475
476
478
479
480
482
485
486
487
488
489
490
491
493
494
495
496
498
499
500
501
502
503
504
505
506
507
508
509
510
511
512
513
514
515
516
517
519
520
521
522
523
524
525
526
528
529
530
531
532
533
535
537
538
540
542
543
544
545
546
547
548
549
550
551
552
553
554
555
556
557
558
560
561
562
563
564
565
566
567
568
569
570
571
574
575
576
577
579
580
581
582
584
585
586
587
588
589
590
591
592
593
594
595
597
598
599
600
601
602
603
604
605
606
607
609
610
611
612
613
614
615
617
618
619
621
622
623
624
625
627
628
629
630
631
632
633
634
635
636
637
638
641
642
643
644
645
646
648
649
650
653
654
655
656
657
658
659
661
662
665
666
667
668
669
670
671
672
673
675
676
677
678
679
681
683
684
687
688
689
690
691
692
693
694
695
696
697
698
700
701
703
704
705
706
707
708
709
710
711
712
714
715
716
718
719
720
721
722
723
724
725
726
727
728
729
733
738
739
741
742
743
744
745
746
747
748
750
752
753
755
756
757
759
761
762
763
764
765
767
768
769
770
771
772
773
774
775
776
777
778
779
780
782
783
785
786
788
789
790
791
792
793
794
797
798
799
800
801
802
803
804
805
806
808
810
811
812
813
814
815
816
817
818
819
820
821
822
823
824
825
826
827
828
829
831
832
833
834
835
836
838
840
841
843
844
845
847
848
849
850
851
852
854
855
856
857
858
859
860
861
862
863
864
865
866
867
868
869
870
871
872
873
874
875
876
877
878
879
880
881
882
883
884
885
888
890
891
892
894
895
896
897
898
899
900
901
902
903
904
905
906
907
909
910
911
912
913
914
915
916
918
919
920
921
922
924
925
926
929
930
931
932
933
934
935
936
937
940
941
942
944
945
946
947
948
949
951
952
953
954
955
956
957
959
960
961
964
966
967
968
969
970
971
972
973
974
975
976
977
979
980
981
982
983
984
985
986
987
988
989
990
991
992
994
995
996
997
999
1000
1001
1002
1003
1004
1005
1006
1007
1008
1009
1010
1011
1012
1013
1014
1015
1016
1017
1018
1019
1020
1021
1022
1023
1024
1026
1027
1028
1029
1030
1031
1032
1033
1034
1035
1036
1037
1038
1040
1041
1042
1043
1044
1045
1046
1047
1048
1049
1051
1052
1054
1055
1056
1057
1058
1059
1060
1061
1062
1063
1064
1066
1067
1068
1069
1070
1071
1072
1073
1074
1076
1077
1078
1079
1080
1082
1083
1084
1085
1086
1087
1088
1089
1090
1091
1092
1094
1095
1096
1097
1098
1099
1100
1102
1103
1104
1106
1107
1109
1110
1111
1112
1113
1114
1115
1117
1118
1121
1122
1123
1124
1125
1127
1129
1136
1137
1138
1141
1142
1143
1145
1146
1147
1148
1149
1150
1151
1152
1153
1154
1155
1156
1157
1158
1161
1162
1163
1164
1168
1172
1176
1177
1178
1180
1183
1184
1185
1186
1187
1189
1190
1191
1192
1193
1194
1196
1197
1198
1199
1200
1201
1202
1203
1206
1207
1209
1210
1212
1213
1214
1215
1216
1217
1219
1221
1223
1224
1226
1227
1229
1230
1231
1232
1233
1236
1237
1240
1242
1243
1246
1248
1249
1250
1252
1253
1257
1258
1259
1260
1262
1263
1264
1267
1268
1270
1272
1273
1274
1276
1277
1278
1279
1280
1281
1282
1283
1284
1285
1290
1291
1292
1293
1294
1295
1296
1297
1298
1301
1303
1304
1305
1306
1308
1309
1310
1312
1313
1315
1316
1317
1318
1319
1321
1322
1323
1324
1325
1326
1327
1330
1331
1332
1333
1334
1335
1336
1337
1339
1344
1345
1346
1347
1348
1349
1350
1351
1352
1353
1355
1357
1359
1363
1364
1367
1368
1369
1370
1371
1372
1373
1374
1375
1376
1377
1378
1379
1380
1382
1383
1384
1385
1386
1387
1388
1390
1391
1392
1393
1394
1395
1397
1399
1400
1401
1402
1404
1405
1407
1408
1411
1412
1413
1414
1415
1417
1418
1419
1422
1424
1425
1428
1429
1430
1431
1432
1435
1437
1438
1439
1440
1441
1442
1443
1444
1445
1448
1449
1450
1451
1456
1457
1458
1459
1460
1461
1462
1463
1464
1465
1466
1467
1468
1470
1472
1473
1478
1479
1480
1482
1483
1485
1486
1487
1488
1489
1490
1491
1492
1493
1495
1496
1497
1500
1501
1502
1503
1505
1507
1508
1509
1510
1511
1514
1515
1516
1517
1518
1520
1521
1522
1523
1524
1525
1527
1528
1529
1530
1531
1533
1535
1536
1537
1538
1539
1540
1543
1544
1545
1546
1547
1548
1549
1550
1551
1552
1553
1554
1556
1559
1560
1565
1566
1567
1568
1571
1572
1573
1575
1576
1578
1579
1580
1581
1582
1583
1584
1585
1586
1587
1588
1589
1591
1593
1594
1595
1597
1598
1600
1602
1603
1604
1605
1606
1607
1608
1609
1610
1612
1613
1614
1615
1617
1618
1620
1621
1622
1624
1625
1626
1627
1628
1629
1630
1631
1632
1634
1635
1636
1637
1638
1639
1640
1641
1642
1643
1644
1645
1646
1648
1649
1650
1651
1652
1653
1654
1655
1658
1659
1661
1662
1666
1668
1670
1673
1676
1677
1681
1682
1687
1688
1691
1693
1696
1698
1706
1708
1709
