0
3
4
5
6
7
8
9
11
12
13
14
15
16
17
18
19
22
23
24
25
26
27
29
30
31
32
33
36
37
38
39
40
41
44
46
47
48
49
50
51
52
53
54
55
56
58
59
60
61
63
64
65
66
67
69
70
71
73
74
75
76
77
78
80
81
82
83
84
86
88
89
90
91
92
94
95
96
97
98
99
100
101
102
103
104
105
106
107
109
110
111
112
114
115
116
119
120
121
122
123
124
125
127
129
130
132
133
134
136
139
141
142
143
144
145
146
147
148
149
151
152
154
155
156
157
158
159
160
162
163
164
165
166
167
169
170
172
173
174
175
176
177
178
179
182
183
185
186
188
189
190
192
193
194
195
196
197
198
199
202
203
204
205
206
207
208
209
212
213
214
215
216
217
218
220
221
222
223
224
225
226
227
228
229
230
231
232
234
235
239
240
241
243
244
246
247
250
251
252
253
254
255
258
259
260
261
262
263
264
265
266
267
268
269
270
271
273
274
276
278
279
280
281
283
284
285
287
288
290
291
292
293
294
295
296
297
298
299
300
301
304
306
308
309
310
311
312
313
314
316
317
318
319
321
322
323
324
325
326
327
328
329
330
332
333
334
335
336
337
338
339
340
341
342
343
344
346
349
350
351
352
353
354
356
357
358
360
362
363
364
366
368
369
370
373
374
375
376
377
378
381
382
384
385
386
387
388
389
391
392
393
394
395
396
397
398
399
400
401
402
405
406
408
409
410
412
413
414
415
416
417
420
421
423
424
425
427
428
429
430
432
433
434
436
437
438
439
440
441
442
443
445
446
447
449
451
452
453
454
455
456
457
458
459
460
461
464
466
467
468
469
470
471
472
474
475
476
477
478
479
480
481
483
485
486
487
488
489
490
491
492
493
496
499
500
501
502
503
505
506
507
508
509
511
512
513
514
515
516
517
518
519
520
521
522
523
524
525
526
527
531
532
533
535
536
537
538
539
540
541
542
543
544
545
546
547
548
550
551
552
553
554
555
557
558
559
560
562
563
564
565
566
567
569
571
572
574
577
578
579
581
582
583
584
585
586
587
588
589
590
592
593
594
595
596
597
598
599
600
601
602
603
604
605
606
607
609
610
611
612
614
615
617
619
620
621
622
623
624
625
627
628
630
631
632
633
634
635
636
637
639
640
642
643
644
